1007134
1007421
1011642
1167568
1173049
1790532
1956053
3007137
3007958
5000483
5000512
5000823
5001475
5001889
5003887
5006815
5010309
5010543
5014123
5015311
5018404
5018698
5020940
5021463
5022950
5023162
5024324
5024752
5027792
5028710
5029740
5031078
5031717
5033583
5034927
5035294
5037852
5037864
5039977
5041504
5042120
5044893
5045055
5045718
5046334
5047481
5047558
5047778
5048485
5048514
5048904
5050074
5050567
5051365
5054343
5058909
5059953
5060794
5063629
5064233
5064324
5068863
5071729
5071987
5072539
5073208
5073313
5073325
5073686
5073894
5073909
5074226
5074513
5076298
5076949
5077278
5080603
5085859
5085897
5089269
5091133
5093505
5093959
5094006
5097022
5098002
5098210
5103924
5103936
5103948
5104253
5109019
5109590
5113044
5113230
5113436
5113747
5113920
5115240
5115771
5117432
5119105
5119143
5119765
5120752
5120831
5124162
5124679
5124693
5125996
5126718
5126861
5131579
5132690
5135159
5136202
5136359
5136361
5137391
5138539
5140300
5141017
5141029
5141122
5142267
5142657
5143883
5145582
5145673
5146809
5147059
5147346
5153400
5154222
5154959
5157626
5159002
5160180
5160324
5161158
5161718
5164277
5166782
5167580
5170109
5170991
5171115
5171294
5171579
5176713
5177107
5177937
5177949
5180233
5180324
5180465
5181847
5181885
5182504
5183285
5184071
5185398
5186196
5189112
5190355
5190379
5191763
5192614
5192640
5192987
5193890
5193917
5194272
5196995
5197004
5197016
5197028
5197664
5200021
5200435
5201271
5201934
5202043
5202794
5203920
5203956
5204558
5205253
5208308
5208798
5209699
5209780
5215454
5215997
5216147
5216771
5218482
5218535
5221439
5221491
5223384
5224285
5225370
5229223
5231800
5232725
5233535
5234113
5234462
5234539
5234917
5239022
5240904
5242641
5244156
5246922
5248126
5252359
5252531
5255351
5255521
5255583
5255777
5256537
5257543
5259400
5259589
5260679
5261350
5262835
5262861
5264039
5264663
5264704
5265538
5265540
5266221
5266348
5266386
5266415
5266441
5266489
5271733
5273339
5276020
5276563
5280930
5282483
5282627
5284053
5284613
5284625
5284780
5285100
5285306
5285411
5285447
5285459
5285461
5286128
5287902
5288035
5288047
5289106
5289247
5298652
5299101
5299589
5301019
5302063
5302776
5308067
5308342
5308794
5309413
5309906
5310199
5310905
5314444
5314793
5314937
5315412
5315814
5321124
5321679
5330644
5330826
5330955
5330967
5331571
5332111
5333141
5333335
5334755
5336143
5336387
5337202
5337771
5338957
5339212
5339248
5341564
5341617
5341813
5342673
5344748
5345065
5346485
5346502
5346605
5347245
5348548
5348744
5349657
5358373
5359054
5362403
5364073
5364267
5364695
5364803
5364918
5367219
5367984
5370840
5371131
5372094
5373476
5374925
5375204
5375333
5375802
5377135
5379717
5379729
5379822
5380027
5380302
5382489
5383029
5383304
5386021
5386215
5386954
5389671
5389798
5390008
5395797
5400322
5400786
5401077
5404407
5404586
5404677
5404964
5405542
5406895
5408142
5410092
5411254
5411979
5413068
5413977
5414828
5414971
5415119
5415896
5415901
5416565
5418915
5419799
5421417
5422540
5422679
5423001
5423661
5424445
5424562
5427148
5427332
5428142
5429407
5504956
5505008
5516547
5517799
5527075
5529390
5535852
5540900
5605835
5606125
5606661
5607742
5608192
5613846
6115426
6269505
6400288
6400824
6401206
6401452
6402937
6402999
6403084
6403163
6403278
6404375
6406373
6407652
6407846
6407858
6408072
6408163
6408618
6408747
6409507
6410374
6410776
6411225
6411342
6411471
6412138
6412413
6412920
6413170
6413285
6413302
6413508
6413663
6415207
6415489
6415908
6416043
6417047
6417097
6417542
6419057
6419825
6420214
6420707
6421048
6421529
6424076
6500296
6501044
6501056
6504254
6504553
6504773
6505349
6506317
6506434
6507490
6508195
6509371
6510148
6510253
6510643
6510887
6511001
6511128
6511350
6511594
6511867
6512354
6512938
6513451
6513994
6516013
6516532
6516544
6518279
6519027
6519522
6520507
6520789
6520947
6523731
6523951
6524785
6524905
6525143
6600462
6600503
6600527
6600606
6601569
6601997
6602898
6603012
6603763
6604470
6604482
6604834
6605058
6605450
6606026
6606234
6608098
6609250
6609286
6609834
6609913
6610479
6611095
6611461
6611667
6611863
6612403
6613328
6613548
6614815
6615015
6616136
6616526
6618043
6618691
6618811
6619700
6619994
6620046
6620773
6622458
6622616
6700602
6702155
6703082
6703343
6704402
6705080
6706864
6707753
6708252
6710906
6712631
6714562
6714823
6714859
6715372
6716730
6716819
6717148
6718233
6720834
6720860
6721060
6721242
6721280
6723654
6724048
6724294
6724359
6725418
6726711
6727193
6727454
6728563
6800402
6801822
6803246
6805490
6806834
6807357
6807395
6807448
6807450
6807503
6808662
6808806
6809678
6809719
6809771
6810627
6810811
6810897
6812522
6812534
6812871
6813485
6814726
6815093
6815158
6816970
6817675
6817716
6819324
6819350
6819776
6820919
6820921
6820971
6821016
6821080
6822979
6825696
6825787
6828026
6828686
6829135
6851762
6900654
6902767
6902872
6905446
6905745
6906505
6906529
6908656
6908826
6910453
6910544
6910960
6912384
6913376
6915051
6915881
6916885
6917164
6917267
6918560
6919758
6919992
6920159
6921282
6921828
6922341
6924246
6924313
6924844
6924959
6926244
6927511
6930207
6930817
7000803
7000982
7001742
7005190
7006314
7007265
7008001
7009653
7010121
7010509
7010755
7010781
7011515
7013680
7014440
7014581
7015341
7015365
7016474
7017600
7018563
7018599
7018604
7021807
7023001
7023099
7023104
7023116
7024146
7026948
7027411
7032997
7033185
7033939
7034701
7034713
7035585
7035975
7037806
7038379
7039567
7041091
7041637
7041651
7042318
7043386
7043570
7043843
7046821
7046936
7048075
7048219
7051058
7052246
7102998
7103576
7103588
7104441
7104984
7105005
7105029
7105081
7105146
7107974
7108203
7108514
7108930
7109609
7111078
7111664
7111731
7112216
7113739
7114941
7116846
7116913
7117632
7118404
7119563
7119836
7120031
7120768
7120811
7125861
7126322
7126346
7128332
7128887
7129922
7131030
7203467
7204291
7204344
7204394
7205063
7205075
7205910
7206392
7207023
7207047
7207451
7208194
7209356
7211074
7211440
7211517
7211919
7211969
7211971
7214002
7214521
7214545
7214715
7214727
7215161
7215290
7217004
7217705
7217846
7218395
7218668
7218981
7219844
7219911
7220180
7221433
7222231
7222255
7222310
7222762
7222839
7224370
7224459
7224514
7224710
7225910
7226603
7226952
7227451
7228194
7229186
7229514
7229837
7230197
7230599
7230616
7230680
7232406
7232975
7235123
7235915
7236127
7236165
7300734
7301221
7301477
7301491
7302885
7302914
7303267
7303293
7304314
7304340
7305253
7305514
7305629
7305772
7305837
7306218
7310258
7310260
7314888
7315090
7315143
7315272
7315569
7315612
7319371
7319668
7319814
7320021
7320332
7320693
7321661
7321714
7321817
7321908
7321922
7321972
7324091
7324833
7325095
7325241
7325629
7325679
7325681
7329522
7330040
7330478
7333339
7333822
7336721
7340710
7341051
7341063
7343669
7346221
7346934
7346946
7346960
7347536
7347548
7349039
7349053
7349596
7349601
7349986
7350088
7350090
7350416
7351032
7351082
7351264
7353078
7357555
7357567
7358286
7358298
7358303
7358315
7358327
7358561
7358573
7358731
7358743
7358755
7359400
7359474
7359486
7359498
7360174
7360186
7360198
7360605
7360617
7360629
7360667
7360681
7360710
7361049
7361312
7361324
7362108
7362110
7367524
7368499
7368748
7368839
7368853
7369039
7369132
7369170
7369211
7382938
7382940
7383138
7383451
7383487
7383542
7387249
7387251
7387263
7387706
7389194
7391410
7391422
7391434
7393066
7393171
7396381
7396393
7396422
7398482
7398494
7398535
7400261
7400778
7401215
7405936
7407714
7407776
7421045
7422908
7422910
7422922
7425209
7429176
7429229
7429669
7431090
7431313
7432202
7434676
7500451
7502942
7507019
7516761
7516773
7521223
7521651
7521663
7521950
7521962
7523910
7525918
7527887
7527899
7527904
7528477
7528568
7528570
7528582
7528594
7528609
7528611
7528623
7528635
7528647
7528659
7528661
7529938
7530054
7530066
7531852
7532090
7602120
7602156
7606671
7607364
7608758
7611755
7613882
7615048
7615323
7615414
7615672
7615684
7617735
7618246
7618832
7624051
7624063
7625794
7625809
7625811
7625823
7625835
7626009
7626164
7626176
7626358
7633143
7633155
7633698
7636951
7637149
7637307
7638533
7701914
7704629
7704681
7705128
7707475
7708649
7708778
7712121
7715379
7715434
7715472
7716074
7716086
7717250
7717262
7717274
7717286
7717298
7717303
7717315
7719430
7719832
7719882
7720051
7720269
7720398
7721134
7721146
7721184
7723584
7723974
7724227
7724552
7725893
7725910
7727308
7727310
7727322
7727334
7727425
7728508
7728699
7737391
7742695
7742736
7800746
7802108
7802794
7803188
7803190
7803205
7804209
7804998
7805124
7805203
7805215
7806087
7806099
7807093
7807744
7808188
7808657
7808669
7808671
7808683
7811135
7812529
7813200
7813212
7813224
7813236
7813937
7813949
7814333
7814462
7816408
7816874
7817828
7817830
7820473
7820485
7820497
7821075
7822457
7822469
7822859
7822861
7824869
7824912
7825588
7825978
7826788
7826790
7826805
7826855
7826867
7827213
7827225
7829259
7901265
7901760
7901772
7902221
7902283
7902295
7902635
7902647
7904580
7904889
7904891
7904906
7905613
7907245
7907257
7907659
7907661
7907673
7909437
7909619
7909621
7909920
7910917
7911272
7911301
7911533
7911545
7915096
7915840
7918165
7920390
7920534
7921033
7922867
7923251
7925297
7925649
7927984
7928603
7928615
7928811
7928976
7929126
7931222
7931997
7932018
7932329
7932898
7935321
7942659
7943079
7947154
7947166
7947178
7947192
8000214
8000226
8002597
8003620
8008424
8009258
8010324
8010532
8010544
8012748
8013235
8019344
8019356
8019368
8019564
8020599
8020604
8020642
8024014
8024026
8024143
8026048
8027298
8027808
8027810
8027858
8027896
8034215
8036196
8036201
8038637
8101393
8105064
8110916
8110980
8112639
8112641
8117536
8120557
8120569
8129424
8131128
8133126
8136154
8136659
8137237
8137809
8137926
8138035
8200278
8200395
8201454
8201480
8203438
8203440
8207393
8208763
8213940
8217881
8218330
8219906
8219918
8222111
8222824
8224444
8224999
8228830
8300327
8302363
8304775
8305224
8306486
8306498
8306565
8306577
8306589
8306591
8308733
8311302
8311481
8311883
8311895
8311900
8311912
8311924
8314122
8314134
8314562
8317887
8317942
8317954
8318568
8320573
8322650
8324622
8325420
8325432
8325494
8326357
8351118
8400074
8400086
8401444
8404252
8406731
8407735
8408959
8408961
8409070
8411009
8411217
8411293
8412261
8412807
8412895
8413784
8413992
8414582
8416308
8417390
8418708
8420115
8420842
8420878
8420880
8424460
8424484
8428868
8428882
8429006
8429109
8434312
8434415
8501464
8501701
8501957
8502248
8502341
8502353
8502391
8502406
8503797
8505458
8506294
8506311
8506373
8506543
8506555
8507494
8507731
8508931
8511419
8512114
8512152
8512281
8512293
8513596
8513601
8515893
8517413
8517736
8517748
8518546
8520757
8521050
8521220
8521232
8601915
8601989
8602414
8602854
8603509
8603963
8604345
8604711
8605507
8605765
8608339
8611398
8611506
8611518
8611520
8611532
8611544
8611556
8611568
8611611
8611623
8611635
8611647
8611659
8611661
8611673
8611685
8611910
8611922
8612055
8612134
8614443
8618138
8618216
8618358
8619481
8619821
8621393
8625090
8626886
8633152
8633724
8633762
8634118
8634120
8634132
8634493
8634508
8634900
8646678
8647141
8656128
8657251
8660466
8660478
8660480
8693281
8700280
8700723
8700773
8700785
8701193
8701674
8702446
8702721
8703232
8704054
8704212
8704860
8705278
8705383
8705395
8705694
8705709
8706040
8707329
8707343
8708385
8708402
8708593
8708608
8708646
8708658
8708660
8708672
8709573
8709781
8710297
8710857
8710948
8711344
8711356
8712178
8712518
8712520
8713641
8714360
8715259
8716502
8716899
8718017
8718940
8719188
8727367
8734346
8735041
8736344
8741179
8741325
8741818
8743969
8747135
8793328
8800195
8800975
8802313
8802868
8802870
8802882
8802894
8803769
8804440
8805353
8806204
8806747
8807088
8807399
8807416
8807997
8808496
8809074
8810906
8814093
8814275
8814744
8815918
8815932
8816015
8816053
8816895
8816900
8818300
8818312
8819500
8819512
8820250
8820858
8821046
8822351
8822363
8827179
8844505
8846369
8850554
8858489
8860884
8862662
8868472
8869270
8871986
8872100
8872655
8873506
8874108
8874287
8874471
8875176
8875217
8876302
8878403
8878415
8879940
8881319
8882923
8883018
8887870
8890554
8891091
8891132
8892239
8893300
8897930
8898570
8900000
8900012
8900220
8900945
8900957
8902333
8903703
8903923
8903935
8904290
8906729
8907216
8907228
8907424
8908466
8911360
8911372
8911516
8911736
8911748
8912376
8913162
8913239
8913899
8913904
8913916
8914219
8915433
8915445
8915641
8915653
8916126
8916401
8916853
8917065
8917338
8917340
8917376
8917388
8917390
8917601
8917613
8917704
8918136
8919245
8919257
8919269
8919506
8919518
8919805
8920294
8921913
8921937
8921975
8921987
8934910
8936841
8937041
8937106
8949941
8951372
8954415
8959128
8959221
8962084
8962292
8962929
8966688
8967888
8968117
8968260
8969044
8971724
8972089
8976750
8976762
8976956
8982694
8986016
8986092
8989460
8993332
8996798
8999506
9000168
9000259
9000687
9000699
9001526
9001538
9001540
9001679
9001681
9002025
9002465
9004827
9006253
9007116
9007128
9007130
9007283
9007295
9007491
9008354
9008407
9008419
9008421
9008598
9008768
9008794
9008809
9009360
9010151
9010163
9010175
9010814
9011014
9011545
9011557
9011569
9013086
9013098
9014494
9015175
9015254
9015266
9015735
9017563
9017575
9017769
9018634
9018804
9018816
9018828
9019054
9019066
9019078
9019080
9020364
9021485
9030371
9030682
9030747
9031686
9031698
9031703
9032018
9032159
9032161
9032173
9034755
9035096
9035101
9035163
9035175
9035709
9036038
9036040
9036088
9038581
9038660
9038957
9039119
9039391
9040429
9041150
9041253
9042104
9042635
9042647
9043952
9048483
9048495
9048718
9048720
9048873
9048885
9048914
9050137
9050618
9050943
9051442
9052496
9052501
9053878
9055747
9055759
9056583
9056595
9056997
9058282
9058995
9059042
9059054
9059107
9059171
9059999
9060132
9061241
9061497
9062166
9063859
9064047
9064059
9064126
9064970
9066667
9069085
9070058
9070620
9070632
9072446
9073098
9073799
9074377
9075761
9076284
9079999
9080015
9080194
9080209
9081588
9081590
9081693
9081930
9081942
9081954
9081966
9082520
9082635
9083392
9085974
9086588
9086590
9087116
9087166
9087465
9087477
9087489
9097264
9099171
9099183
9100267
9100748
9101754
9101766
9102758
9102760
9102978
9102992
9103996
9104005
9104835
9106091
9106106
9106297
9106302
9107069
9107203
9107370
9107590
9107772
9107784
9107796
9107875
9107942
9108049
9108245
9108350
9109031
911041
9111319
9111321
9111709
9111802
9112026
9112521
9112533
9112612
9112624
9112765
9112777
9112789
9112947
9112997
9113006
9113159
9116113
9116462
9116864
9116876
9117337
9117454
9117985
9118721
9119359
9119385
9120877
9121625
9121637
9122552
9124433
9125009
9125255
9125372
9125384
9125891
9125944
9126807
9126819
9127576
9127758
9127760
9128532
9129328
9129483
9129598
9129782
9131797
9131933
9132002
9132014
9133915
9134543
9135884
9135896
9135963
9136022
9136034
9137997
9138006
9138329
9138783
9138795
9138800
9138850
9139438
9139440
9139854
9140918
9141065
9141077
9141807
9141833
9141845
9141871
9141883
9143441
9144081
9144093
9144196
9144275
9144287
9144419
9144421
9144691
9144732
9144744
9144811
9145047
9145164
9145176
9147291
9147306
9147801
9150030
9150286
9150913
9150999
9151008
9151010
9151539
9151541
9151565
9152038
9152040
9152052
9153020
9153032
9153379
9154517
9155779
9156010
9156462
9156474
9156515
9156527
9157105
9157284
9157296
9157806
9157818
9158434
9158446
9159830
9160011
9161247
9161560
9161716
9161728
9161948
9162150
9162904
9166170
9166182
9166194
9166209
9166596
9166601
9166625
9166637
9167227
9168661
9169524
9169550
9169794
9170183
9170999
9171163
9171292
9172076
9172090
9172648
9172777
9174323
9174517
9174828
9176046
9176058
9176060
9176072
9176307
9176319
9176321
9177076
9178185
9178599
9178874
9179191
9179658
9179660
9181077
9181091
9181106
9182758
9183025
9183506
9183518
9183788
9183790
9183855
9183984
9184029
9184419
9185102
9185554
9186106
9186417
9186429
9186637
9186649
9187796
9187887
9187899
9188037
9188221
9188233
9188245
9188427
9188647
9189328
9189378
9189380
9189419
9189421
9189445
9190030
9190846
9191383
9192129
9192167
9192179
9192351
9192363
9192387
9192399
9192480
9192492
9192507
9192935
9193032
9193044
9194256
9195157
9195169
9195195
9195200
9196723
9196735
9196876
9197090
9197105
9197533
9198355
9198367
9198422
9198551
9198721
9198927
9198939
9198941
9198953
9198977
9198989
9199074
9199086
9199725
9200225
9200938
9200940
9201035
9201750
9201889
9203174
9203186
9203916
9204362
9206700
9206712
9207584
9207651
9207883
9207895
9208071
9208083
9208394
9208461
9208617
9208629
9208679
9209221
9210103
9210115
9210139
9210141
9210153
9210218
9210220
9211509
9211511
9212151
9212163
9212450
9212644
9212656
9213129
9213131
9213337
9214276
9214288
9214367
9214379
9214991
9215490
9215505
9215555
9216250
9216585
9217125
9217230
9217242
9217254
9218131
9218351
9219331
9219563
9220330
9220342
9221279
9221281
9221310
9221346
9221358
9221554
9221566
9222314
9222522
9222534
9223071
9223784
9223796
9223954
9224269
9224726
9226102
9226360
9226891
9226906
9227259
9227390
9227417
9227429
9227508
9227510
9227936
9228186
9228198
9228344
9228356
9229659
9229740
9230115
9230402
9230476
9230866
9231951
9232292
9232527
9233258
9234006
9234068
9234070
9234082
9234094
9234707
9234757
9235517
9235529
9235866
9236389
9236767
9236949
9237242
9237345
9237357
9237589
9237644
9237656
9237840
9237993
9238337
9239783
9239795
9241061
9241774
9241786
9243227
9243423
9243435
9243447
9243667
9244116
9244350
9244958
9244960
9245586
9246061
9246102
9246827
9246839
9247003
9247144
9247510
9247728
9248538
9248540
9250464
9251949
9252852
9252917
9254898
9257448
9257450
9257632
9257917
9259434
9259496
9259501
9259513
9259525
9259537
9259549
9260873
9260885
9261542
9261554
9261621
9262065
9262089
9263368
9263655
9263758
9264312
9264348
9264489
926449
9267390
9267716
9268708
9269673
9270098
9273076
9273727
9274836
9274848
9275218
9275232
9275945
9276418
9276420
9276432
9278181
9278234
9279264
9280897
9281061
9281073
9281281
9281322
9281334
9281671
9283356
9283368
9283370
9283382
9283409
9283411
9283928
9284312
9284568
9285378
9287584
9287613
9287869
9291614
9291626
9293076
9293088
9293399
9293404
9293416
9293428
9294070
9294226
9294238
9295103
9295490
9295854
9299056
9299393
9299408
9304033
9304045
9304057
9304631
9305269
9305843
9309174
9309186
9309875
9309887
9309899
9309904
9309916
9310862
9312626
9312638
9315408
9317054
9318345
9319260
9319442
9319454
9319466
9320087
9320099
9320128
9320130
9320544
9320556
9320568
9321823
9322425
9322437
9323209
9323211
9323699
9323704
9324473
9326562
9327891
9328182
9328986
9328998
9329095
9329849
9329851
9330032
9331177
9331189
9331373
9332559
9332755
9332767
9332779
9333149
9333151
9333163
9333175
9333448
9333694
9334088
9334507
9334741
9334856
9334868
9334959
9335161
9336256
9336268
9337884
9337896
9342281
9343091
9343132
9343261
9343273
9344746
9344758
9344760
9344772
9345398
9346110
9347011
9348558
9349681
9349758
9349760
9349772
9349863
9350329
9350666
9350678
9350680
9350692
9350707
9350719
9350721
9351476
9351488
9351490
9351505
9353929
9354284
9354789
9355549
9355733
9356476
9356737
9356749
9357597
9357602
9358747
9359648
9359650
9359791
9359806
9359997
9360506
9362530
9362542
9362786
9363352
9364722
9364978
9364980
9365233
9365398
9367475
9370018
9370458
9371531
9371543
9372145
9372456
9372676
9372688
9372975
9374519
9375472
9375654
9376696
9376701
9376713
9376725
9378448
9378450
9378462
9378474
9378486
9378498
9378682
9380790
9381158
9382437
9382449
9383364
9383376
9383388
9383649
9383936
9383948
9385697
9387073
9387085
9387487
9390367
9392494
9393591
9395343
9395355
9398010
9398888
9398905
9398917
9404314
9408413
9410478
9410569
9415181
9415193
9417086
9417098
9417919
9418808
9419163
9419175
9419204
9419216
9419345
9420423
9422122
9422134
9424869
9424871
9424883
9428803
9429766
9432177
9432189
9433676
9434060
9434254
9435454
9435466
9437866
9438066
9438078
9438963
9441130
9441142
9443255
9443554
9443566
9444209
9445590
9446972
9446984
9451094
9451771
9451783
9451795
9451800
9451812
9456628
9457165
9457177
9457189
9457191
9457206
9457218
9458511
9458523
9458535
9462067
9468889
9468891
9468906
9468918
9468920
9468932
9469376
9469388
9471068
9473470
9473482
9473494
9474060
9474072
9477115
9477127
9477139
9477438
9479852
9479864
9481166
9481192
9481207
9481805
9481829
9482902
9483126
9490040
9490052
9490416
9498743
9501590
9502506
9502518
9503627
9503639
9506033
9506203
9506215
9506227
9506239
9506253
9506265
9506277
9506289
9506291
9506459
9506837
9506849
9510242
9510266
9512537
9512549
9517185
9517197
9521710
9521722
9524231
9526332
9526655
9528469
9533816
9534860
9539042
9539054
9544310
9544322
9544580
9548407
9548562
9549463
9550759
9550773
9551363
9553335
9555723
9557848
9559107
9559119
9559743
9561356
9562996
9563160
9563172
9564449
9564932
9566148
9570890
9570981
9576052
9579420
9584712
9584724
9585285
9586605
9586617
9587855
9587867
9588782
9588794
9588811
9589449
9589451
9594690
9595321
9596428
9596430
9598579
9599896
9601132
9604378
9606900
9606912
9606924
9607370
9607382
9607394
9607409
9609952
9609964
9610028
9614036
9614141
9614713
9615781
9616125
9616230
9616814
9616826
9618446
9622708
9628647
9631539
9631797
9635327
9636888
9636955
9638317
9640918
9641675
9641730
9642100
9643764
9646144
9647978
9649677
9650418
9650420
9656101
9656981
9657090
9657557
9657569
9662435
9662710
9662722
9663075
9663403
9664471
9664512
9664524
9665437
9666065
9666405
9668996
9671527
9672923
9672935
9672947
9672959
9674282
9677076
9678408
9679086
9681730
9681742
9682875
9683611
9684304
9684316
9684859
9684873
9684885
9685865
9686429
9692557
9692569
9692806
9693848
9693850
9694165
9697753
9699933
9702053
9703150
9703796
9704130
9710414
9711250
9712747
9714862
9717541
9722819
9724130
9725421
9725433
9730634
9731171
9732450
9734953
9736054
9736901
9744001
9745366
9745378
9750270
9750282
9750294
9750866
9750878
9750907
9753193
9753208
9753806
9758507
9763655
9764958
9767091
9769219
9771420
9771432
9773064
9779331
9783564
9788083
9793064
9796121
9796250
9796262
9799977
9801689
9805374
9809590
9812107
9814026
9814038
9814040
9814052
9816830
9816842
9824564
9826536
9848467
9852418
9852420
